0.000000
0.001000
0.000000
0.000000
0.000000
0.000000
0.001000
0.001000
0.001000
0.001000
0.002000
0.002000
0.003000
0.004000
0.004000
0.004000
0.006000
0.006000
0.006000
0.007000
0.008000
0.009000
0.010000
0.011000
0.012000
0.013000
0.014000
0.015000
0.017000
0.016000
0.018000
0.019000
0.021000
0.022000
0.024000
0.025000
0.026000
0.027000
0.030000
0.031000
0.032000
0.034000
0.036000
0.038000
0.040000
0.041000
0.043000
0.045000
0.046000
0.049000
0.050000
0.053000
0.055000
0.057000
0.059000
0.061000
0.063000
0.065000
0.069000
0.070000
0.073000
0.075000
0.078000
0.080000
0.082000
0.085000
0.089000
0.090000
0.094000
0.096000
0.099000
0.102000
0.109000
0.108000
0.111000
0.113000
0.117000
0.120000
0.122000
0.125000
0.129000
0.132000
0.136000
0.139000
0.144000
0.146000
0.148000
0.153000
0.156000
0.159000
0.163000
0.167000
0.170000
0.175000
0.177000
0.181000
0.185000
0.188000
0.194000
0.198000
0.202000
0.205000
0.209000
0.212000
0.217000
0.222000
0.226000
0.231000
0.235000
0.238000
0.242000
0.247000
0.252000
0.257000
0.260000
0.265000
0.271000
0.275000
0.280000
0.284000
0.289000
0.294000
0.299000
0.303000
0.309000
0.313000
0.319000
0.324000
0.328000
0.334000
0.338000
0.344000
0.349000
0.354000
0.360000
0.365000
0.373000
0.376000
0.381000
0.388000
0.393000
0.400000
0.405000
0.410000
0.415000
0.422000
0.426000
0.433000
0.439000
0.445000
0.451000
0.457000
0.463000
0.468000
0.476000
0.482000
0.488000
0.494000
0.502000
0.507000
0.513000
0.520000
0.527000
0.532000
0.540000
0.544000
0.552000
0.558000
0.567000
0.573000
0.578000
0.585000
0.593000
0.600000
0.607000
0.613000
0.620000
0.628000
0.634000
0.641000
0.647000
0.656000
0.663000
0.669000
0.677000
0.687000
0.691000
0.700000
0.707000
0.714000
0.721000
0.728000
0.741000
0.746000
0.753000
0.761000
0.768000
0.778000
0.785000
0.793000
0.800000
0.810000
0.815000
0.825000
0.833000
0.840000
0.849000
0.858000
0.863000
0.872000
0.882000
0.890000
0.900000
0.908000
0.913000
0.925000
0.931000
0.944000
0.950000
0.959000
0.967000
0.977000
0.986000
0.995000
1.003000
1.013000
1.021000
1.030000
1.041000
1.047000
1.059000
1.065000
1.076000
1.084000
1.094000
1.102000
1.112000
1.122000
1.131000
1.142000
1.203000
1.161000
1.173000
1.180000
1.193000
1.200000
1.209000
1.219000
1.229000
1.240000
1.246000
1.261000
1.269000
1.282000
1.290000
1.301000
1.310000
1.321000
1.334000
1.341000
1.352000
1.361000
1.372000
1.383000
1.393000
1.403000
1.421000
1.427000
1.437000
1.445000
1.458000
1.467000
1.480000
1.490000
1.501000
1.511000
1.524000
1.536000
1.545000
1.557000
1.569000
1.589000
1.591000
1.609000
1.613000
1.624000
1.636000
1.645000
1.658000
1.669000
1.682000
1.695000
1.713000
1.715000
1.728000
1.742000
1.753000
1.764000
1.775000
1.792000
1.798000
1.810000
1.822000
1.834000
1.844000
1.861000
1.868000
1.882000
1.895000
1.905000
1.920000
1.931000
1.942000
1.956000
1.974000
1.981000
2.007000
2.005000
2.017000
2.030000
2.043000
2.056000
2.071000
2.080000
2.095000
2.107000
2.121000
2.134000
2.148000
2.158000
2.173000
2.189000
2.200000
2.213000
2.225000
2.240000
2.254000
2.266000
2.290000
2.294000
2.306000
2.321000
2.337000
2.353000
2.362000
2.376000
2.388000
2.405000
2.417000
2.429000
2.443000
2.462000
2.473000
2.487000
2.503000
2.514000
2.533000
2.545000
2.560000
2.574000
2.588000
2.603000
2.616000
2.631000
2.644000
2.657000
2.676000
2.692000
2.702000
2.772000
2.734000
2.749000
2.762000
2.777000
2.794000
2.814000
2.823000
2.836000
2.852000
2.870000
2.881000
2.897000
2.913000
2.926000
2.948000
2.960000
2.975000
2.994000
3.006000
3.025000
3.036000
3.052000
3.068000
3.085000
3.098000
3.115000
3.195000
3.159000
3.186000
3.181000
3.191000
3.211000
3.226000
3.241000
3.260000
3.275000
3.292000
3.307000
3.322000
3.339000
3.355000
3.372000
3.388000
3.405000
3.424000
3.437000
3.453000
3.469000
3.484000
3.505000
3.522000
3.537000
3.552000
3.577000
3.590000
3.604000
3.622000
3.639000
3.657000
3.671000
3.691000
3.723000
3.722000
3.738000
3.757000
3.775000
3.875000
3.810000
3.829000
3.847000
3.865000
3.880000
3.897000
3.914000
3.932000
3.953000
3.968000
3.989000
4.003000
4.022000
4.043000
4.059000
4.077000
4.099000
4.110000
4.129000
4.147000
4.167000
4.183000
4.208000
4.221000
4.250000
4.257000
4.276000
4.294000
4.314000
4.336000
4.353000
4.368000
4.393000
4.409000
4.431000
4.446000
4.463000
4.483000
4.501000
4.520000
4.552000
4.560000
4.583000
4.609000
4.618000
4.641000
4.656000
4.681000
4.691000
4.710000
4.729000
4.750000
4.796000
4.804000
4.812000
4.829000
4.850000
4.866000
4.890000
4.926000
4.931000
4.945000
4.967000
0.000000
