0.000000
0.000000
0.000000
0.001000
0.000000
0.001000
0.001000
0.002000
0.002000
0.002000
0.002000
0.003000
0.003000
0.005000
0.005000
0.006000
0.008000
0.008000
0.009000
0.009000
0.010000
0.011000
0.013000
0.013000
0.016000
0.018000
0.019000
0.020000
0.023000
0.023000
0.026000
0.026000
0.029000
0.031000
0.034000
0.034000
0.037000
0.039000
0.042000
0.044000
0.047000
0.048000
0.051000
0.056000
0.057000
0.060000
0.064000
0.065000
0.070000
0.074000
0.075000
0.079000
0.082000
0.086000
0.092000
0.094000
0.100000
0.100000
0.109000
0.109000
0.117000
0.119000
0.124000
0.126000
0.131000
0.137000
0.139000
0.146000
0.153000
0.156000
0.160000
0.168000
0.171000
0.175000
0.183000
0.187000
0.192000
0.198000
0.202000
0.208000
0.214000
0.227000
0.227000
0.233000
0.242000
0.244000
0.255000
0.255000
0.265000
0.278000
0.280000
0.289000
0.293000
0.298000
0.303000
0.311000
0.320000
0.328000
0.338000
0.351000
0.357000
0.358000
0.366000
0.372000
0.380000
0.388000
0.399000
0.404000
0.419000
0.423000
0.429000
0.437000
0.451000
0.453000
0.463000
0.474000
0.483000
0.494000
0.497000
0.509000
0.515000
0.529000
0.537000
0.548000
0.558000
0.573000
0.574000
0.582000
0.601000
0.605000
0.620000
0.624000
0.636000
0.651000
0.659000
0.666000
0.679000
0.691000
0.699000
0.707000
0.721000
0.771000
0.742000
0.756000
0.765000
0.775000
0.785000
0.804000
0.812000
0.827000
0.834000
0.843000
0.860000
0.874000
0.888000
0.895000
0.909000
0.968000
0.933000
0.946000
0.957000
0.970000
0.979000
0.995000
1.007000
1.021000
1.040000
1.048000
1.060000
1.074000
1.105000
1.107000
1.116000
1.135000
1.140000
1.157000
1.175000
1.202000
1.207000
1.215000
1.231000
1.242000
1.269000
1.285000
1.299000
1.306000
1.319000
1.336000
1.343000
1.356000
1.374000
1.400000
1.406000
1.424000
1.447000
1.456000
1.472000
1.482000
1.504000
1.519000
1.542000
1.568000
1.563000
1.583000
1.613000
1.619000
1.641000
1.670000
1.665000
1.684000
1.709000
1.722000
1.736000
1.761000
1.783000
1.786000
1.812000
1.829000
1.836000
1.868000
1.883000
1.899000
1.921000
1.933000
1.950000
1.979000
1.982000
2.010000
2.035000
2.049000
2.060000
2.083000
2.107000
2.112000
2.145000
2.163000
2.174000
2.191000
2.218000
2.236000
2.266000
2.267000
2.301000
2.323000
2.331000
2.349000
2.372000
2.396000
2.403000
2.433000
2.462000
2.480000
2.492000
2.518000
2.538000
2.563000
2.574000
2.602000
2.630000
2.640000
2.681000
2.684000
2.718000
2.728000
2.746000
2.770000
2.788000
2.812000
2.845000
2.857000
2.876000
2.917000
2.927000
2.943000
2.968000
2.987000
3.009000
3.038000
3.064000
3.083000
3.098000
3.135000
3.162000
3.450000
3.190000
3.239000
3.253000
3.277000
3.299000
3.324000
3.350000
3.361000
3.397000
3.424000
3.442000
3.464000
3.498000
3.519000
3.538000
3.551000
3.566000
3.599000
3.616000
3.653000
3.681000
3.717000
3.735000
3.766000
3.790000
3.813000
3.833000
3.870000
3.914000
3.916000
3.947000
3.971000
3.995000
4.027000
4.055000
4.163000
4.118000
4.131000
4.147000
4.185000
4.227000
4.246000
4.271000
4.297000
4.329000
4.348000
4.377000
4.424000
4.429000
4.463000
4.488000
4.518000
4.547000
4.588000
4.590000
4.620000
4.671000
4.685000
4.732000
4.736000
4.777000
4.812000
4.827000
4.881000
4.885000
4.916000
4.935000
4.974000
5.012000
5.041000
5.061000
5.078000
5.112000
5.159000
5.182000
5.223000
5.237000
5.334000
5.301000
5.339000
5.339000
5.393000
5.438000
5.472000
5.467000
5.547000
5.567000
5.575000
5.613000
5.661000
5.667000
5.699000
5.744000
5.772000
6.048000
5.843000
5.866000
5.890000
5.973000
5.956000
5.994000
6.016000
6.215000
6.135000
6.128000
6.150000
6.214000
6.220000
6.267000
6.311000
6.317000
6.375000
6.403000
6.406000
6.453000
6.484000
6.523000
6.550000
6.597000
6.620000
6.650000
6.666000
6.713000
6.755000
6.812000
6.838000
6.866000
6.895000
6.944000
6.981000
7.025000
7.038000
7.062000
7.100000
7.138000
7.168000
7.241000
7.265000
7.391000
7.304000
7.386000
7.897000
7.439000
7.489000
7.543000
7.559000
7.566000
7.629000
7.653000
7.666000
7.757000
7.759000
7.893000
7.864000
7.865000
7.925000
7.928000
7.979000
8.037000
8.059000
8.097000
8.143000
8.174000
8.208000
8.247000
8.290000
8.335000
8.405000
8.397000
8.467000
8.479000
8.523000
8.551000
8.568000
8.649000
8.686000
8.711000
8.744000
8.785000
8.819000
8.881000
8.925000
8.964000
9.008000
9.027000
9.097000
9.114000
9.158000
9.180000
9.222000
9.284000
9.321000
9.346000
9.377000
9.451000
9.474000
9.550000
9.545000
9.636000
9.653000
9.729000
9.713000
9.770000
9.824000
9.818000
9.918000
9.966000
9.978000
10.005000
10.039000
10.223000
10.166000
10.172000
10.216000
10.296000
10.310000
0.000000
